1,48,48,1
1,48,48,2
1,48,48,3
1,48,48,4
1,48,48,6
1,48,48,8
1,48,48,12
1,48,48,16
1,48,48,24
1,48,48,32
1,48,48,48
1,48,48,64
1,48,48,96
1,48,48,128
1,48,192,1
1,48,192,2
1,48,192,3
1,48,192,4
1,48,192,6
1,48,192,8
1,48,192,12
1,48,192,16
1,48,192,24
1,48,192,32
1,48,192,48
1,48,192,64
1,48,192,96
1,48,192,128
1,64,64,1
1,64,64,2
1,64,64,3
1,64,64,4
1,64,64,6
1,64,64,8
1,64,64,12
1,64,64,16
1,64,64,24
1,64,64,32
1,64,64,48
1,64,64,64
1,64,64,96
1,64,64,128
1,64,256,1
1,64,256,2
1,64,256,3
1,64,256,4
1,64,256,6
1,64,256,8
1,64,256,12
1,64,256,16
1,64,256,24
1,64,256,32
1,64,256,48
1,64,256,64
1,64,256,96
1,64,256,128
1,96,96,1
1,96,96,2
1,96,96,3
1,96,96,4
1,96,96,6
1,96,96,8
1,96,96,12
1,96,96,16
1,96,96,24
1,96,96,32
1,96,96,48
1,96,96,64
1,96,96,96
1,96,96,128
1,96,384,1
1,96,384,2
1,96,384,3
1,96,384,4
1,96,384,6
1,96,384,8
1,96,384,12
1,96,384,16
1,96,384,24
1,96,384,32
1,96,384,48
1,96,384,64
1,96,384,96
1,96,384,128
1,128,128,1
1,128,128,2
1,128,128,3
1,128,128,4
1,128,128,6
1,128,128,8
1,128,128,12
1,128,128,16
1,128,128,24
1,128,128,32
1,128,128,48
1,128,128,64
1,128,128,96
1,128,128,128
1,128,512,1
1,128,512,2
1,128,512,3
1,128,512,4
1,128,512,6
1,128,512,8
1,128,512,12
1,128,512,16
1,128,512,24
1,128,512,32
1,128,512,48
1,128,512,64
1,128,512,96
1,128,512,128
1,192,48,1
1,192,48,2
1,192,48,3
1,192,48,4
1,192,48,6
1,192,48,8
1,192,48,12
1,192,48,16
1,192,48,24
1,192,48,32
1,192,48,48
1,192,48,64
1,192,48,96
1,192,48,128
1,192,192,1
1,192,192,2
1,192,192,3
1,192,192,4
1,192,192,6
1,192,192,8
1,192,192,12
1,192,192,16
1,192,192,24
1,192,192,32
1,192,192,48
1,192,192,64
1,192,192,96
1,192,192,128
1,192,768,1
1,192,768,2
1,192,768,3
1,192,768,4
1,192,768,6
1,192,768,8
1,192,768,12
1,192,768,16
1,192,768,24
1,192,768,32
1,192,768,48
1,192,768,64
1,192,768,96
1,256,64,1
1,256,64,2
1,256,64,3
1,256,64,4
1,256,64,6
1,256,64,8
1,256,64,12
1,256,64,16
1,256,64,24
1,256,64,32
1,256,64,48
1,256,64,64
1,256,64,96
1,256,64,128
1,256,256,1
1,256,256,2
1,256,256,3
1,256,256,4
1,256,256,6
1,256,256,8
1,256,256,12
1,256,256,16
1,256,256,24
1,256,256,32
1,256,256,48
1,256,256,64
1,256,256,96
1,256,256,128
1,256,1024,1
1,256,1024,2
1,256,1024,3
1,256,1024,4
1,256,1024,6
1,256,1024,8
1,256,1024,12
1,256,1024,16
1,256,1024,24
1,256,1024,32
1,256,1024,48
1,256,1024,64
1,384,96,1
1,384,96,2
1,384,96,3
1,384,96,4
1,384,96,6
1,384,96,8
1,384,96,12
1,384,96,16
1,384,96,24
1,384,96,32
1,384,96,48
1,384,96,64
1,384,96,96
1,384,96,128
1,384,384,1
1,384,384,2
1,384,384,3
1,384,384,4
1,384,384,6
1,384,384,8
1,384,384,12
1,384,384,16
1,384,384,24
1,384,384,32
1,384,384,48
1,384,384,64
1,384,384,96
1,384,384,128
1,512,128,1
1,512,128,2
1,512,128,3
1,512,128,4
1,512,128,6
1,512,128,8
1,512,128,12
1,512,128,16
1,512,128,24
1,512,128,32
1,512,128,48
1,512,128,64
1,512,128,96
1,512,128,128
1,512,512,1
1,512,512,2
1,512,512,3
1,512,512,4
1,512,512,6
1,512,512,8
1,512,512,12
1,512,512,16
1,512,512,24
1,512,512,32
1,512,512,48
1,512,512,64
1,512,512,96
1,512,512,128
1,768,192,1
1,768,192,2
1,768,192,3
1,768,192,4
1,768,192,6
1,768,192,8
1,768,192,12
1,768,192,16
1,768,192,24
1,768,192,32
1,768,192,48
1,768,192,64
1,768,192,96
1,768,768,1
1,768,768,2
1,768,768,3
1,768,768,4
1,768,768,6
1,768,768,8
1,768,768,12
1,768,768,16
1,768,768,24
1,768,768,32
1,768,768,48
1,768,768,64
1,768,768,96
1,1024,256,1
1,1024,256,2
1,1024,256,3
1,1024,256,4
1,1024,256,6
1,1024,256,8
1,1024,256,12
1,1024,256,16
1,1024,256,24
1,1024,256,32
1,1024,256,48
1,1024,256,64
1,1024,1024,1
1,1024,1024,2
1,1024,1024,3
1,1024,1024,4
1,1024,1024,6
1,1024,1024,8
1,1024,1024,12
1,1024,1024,16
1,1024,1024,24
1,1024,1024,32
1,1024,1024,48
1,1024,1024,64
2,48,48,4
2,48,48,16
2,48,48,64
2,48,192,4
2,48,192,16
2,48,192,64
2,64,64,4
2,64,64,16
2,64,64,64
2,64,256,4
2,64,256,16
2,64,256,64
2,96,96,4
2,96,96,16
2,96,96,64
2,96,384,4
2,96,384,16
2,96,384,64
2,128,128,4
2,128,128,16
2,128,128,64
2,192,48,4
2,192,48,16
2,192,48,64
2,192,192,4
2,192,192,16
2,192,192,64
2,192,768,4
2,192,768,16
2,256,256,4
2,256,256,16
2,256,256,64
2,384,96,4
2,384,96,16
2,384,96,64
2,384,384,4
2,384,384,16
2,384,384,64
2,512,512,4
2,512,512,16
2,512,512,64
2,768,192,4
2,768,192,16
2,768,768,4
2,768,768,16
2,1024,1024,4
2,1024,1024,16
3,48,48,4
3,48,48,16
3,48,48,64
3,48,192,4
3,48,192,16
3,48,192,64
3,64,64,4
3,64,64,16
3,64,64,64
3,64,256,4
3,64,256,16
3,64,256,64
3,96,96,4
3,96,96,16
3,96,96,64
3,96,384,4
3,96,384,16
3,96,384,64
3,128,128,4
3,128,128,16
3,128,128,64
3,192,48,4
3,192,48,16
3,192,48,64
3,192,192,4
3,192,192,16
3,192,192,64
3,192,768,4
3,192,768,16
3,256,256,4
3,256,256,16
3,256,256,64
3,384,96,4
3,384,96,16
3,384,96,64
3,384,384,4
3,384,384,16
3,384,384,64
3,512,512,4
3,512,512,16
3,768,192,4
3,768,192,16
3,768,768,4
3,768,768,16
3,1024,1024,4
3,1024,1024,16
4,48,48,4
4,48,48,16
4,48,48,64
4,48,192,4
4,48,192,16
4,48,192,64
4,64,64,4
4,64,64,16
4,64,64,64
4,64,256,4
4,64,256,16
4,64,256,64
4,96,96,4
4,96,96,16
4,96,96,64
4,96,384,4
4,96,384,16
4,128,128,4
4,128,128,16
4,128,128,64
4,192,48,4
4,192,48,16
4,192,48,64
4,192,192,4
4,192,192,16
4,192,192,64
4,192,768,4
4,192,768,16
4,256,256,4
4,256,256,16
4,256,256,64
4,384,96,4
4,384,96,16
4,384,384,4
4,384,384,16
4,512,512,4
4,512,512,16
4,768,192,4
4,768,192,16
4,768,768,4
4,768,768,16
4,1024,1024,4
4,1024,1024,16
6,48,48,4
6,48,48,16
6,48,48,64
6,48,192,4
6,48,192,16
6,48,192,64
6,64,64,4
6,64,64,16
6,64,64,64
6,64,256,4
6,64,256,16
6,96,96,4
6,96,96,16
6,96,96,64
6,96,384,4
6,96,384,16
6,128,128,4
6,128,128,16
6,128,128,64
6,192,48,4
6,192,48,16
6,192,48,64
6,192,192,4
6,192,192,16
6,192,192,64
6,192,768,4
6,192,768,16
6,256,256,4
6,256,256,16
6,384,96,4
6,384,96,16
6,384,384,4
6,384,384,16
6,512,512,4
6,512,512,16
6,768,192,4
6,768,192,16
6,768,768,4
6,768,768,16
6,1024,1024,4
8,48,48,4
8,48,48,16
8,48,48,64
8,48,192,4
8,48,192,16
8,64,64,4
8,64,64,16
8,64,64,64
8,64,256,4
8,64,256,16
8,96,96,4
8,96,96,16
8,96,96,64
8,96,384,4
8,96,384,16
8,128,128,4
8,128,128,16
8,128,128,64
8,192,48,4
8,192,48,16
8,192,192,4
8,192,192,16
8,192,768,4
8,256,256,4
8,256,256,16
8,384,96,4
8,384,96,16
8,384,384,4
8,384,384,16
8,512,512,4
8,512,512,16
8,768,192,4
8,768,768,4
8,1024,1024,4
12,48,48,4
12,48,48,16
12,48,48,64
12,48,192,4
12,48,192,16
12,64,64,4
12,64,64,16
12,64,64,64
12,64,256,4
12,64,256,16
12,96,96,4
12,96,96,16
12,96,96,64
12,96,384,4
12,96,384,16
12,128,128,4
12,128,128,16
12,192,48,4
12,192,48,16
12,192,192,4
12,192,192,16
12,192,768,4
12,256,256,4
12,256,256,16
12,384,96,4
12,384,96,16
12,384,384,4
12,384,384,16
12,512,512,4
12,768,192,4
12,768,768,4
12,1024,1024,4
16,48,48,4
16,48,48,16
16,48,48,64
16,48,192,4
16,48,192,16
16,64,64,4
16,64,64,16
16,64,64,64
16,64,256,4
16,64,256,16
16,96,96,4
16,96,96,16
16,96,384,4
16,128,128,4
16,128,128,16
16,192,48,4
16,192,48,16
16,192,192,4
16,192,192,16
16,192,768,4
16,256,256,4
16,256,256,16
16,384,96,4
16,384,384,4
16,512,512,4
16,768,192,4
16,768,768,4
16,1024,1024,4
24,48,48,4
24,48,48,16
24,48,48,64
24,48,192,4
24,48,192,16
24,64,64,4
24,64,64,16
24,64,256,4
24,96,96,4
24,96,96,16
24,96,384,4
24,128,128,4
24,128,128,16
24,192,48,4
24,192,48,16
24,192,192,4
24,192,192,16
24,192,768,4
24,256,256,4
24,384,96,4
24,384,384,4
24,512,512,4
24,768,192,4
24,768,768,4
32,48,48,4
32,48,48,16
32,48,192,4
32,64,64,4
32,64,64,16
32,64,256,4
32,96,96,4
32,96,96,16
32,96,384,4
32,128,128,4
32,128,128,16
32,192,48,4
32,192,192,4
32,256,256,4
32,384,96,4
32,384,384,4
32,512,512,4
48,48,48,4
48,48,48,16
48,48,192,4
48,64,64,4
48,64,64,16
48,64,256,4
48,96,96,4
48,96,96,16
48,96,384,4
48,128,128,4
48,192,48,4
48,192,192,4
48,256,256,4
48,384,96,4
48,384,384,4
64,48,48,4
64,48,48,16
64,48,192,4
64,64,64,4
64,64,64,16
64,64,256,4
64,96,96,4
64,128,128,4
64,192,48,4
64,192,192,4
64,256,256,4
96,48,48,4
96,48,48,16
96,48,192,4
96,64,64,4
96,96,96,4
96,128,128,4
96,192,48,4
96,192,192,4
128,48,48,4
128,64,64,4
128,96,96,4
128,128,128,4
1,16,32,896
8,3584,512,1
1,512,1024,28
256,112,16,1
1,14,28,1024
8,3584,512,1
1,512,1024,28
512,56,8,1
1,8,16,1792
8,3584,512,1
1,7,14,2048
8,3584,512,1
1,448,936,32
64,468,64,1
1,256,534,56
16,1869,256,1
1,448,934,32
64,467,64,1
1,448,932,32
64,466,64,1
1,256,532,56
16,1862,256,1
1,448,930,32
64,465,64,1
1,448,928,32
64,464,64,1
1,256,530,56
16,1855,256,1
1,448,926,32
64,463,64,1
1,512,1024,28
1024,28,4,1
1,4,8,3584
8,3584,512,1
1,448,924,32
64,462,64,1
1,256,528,56
16,1848,256,1
1,448,922,32
64,461,64,1
1,256,526,56
16,1841,256,1
1,448,920,32
64,460,64,1
1,448,918,32
64,459,64,1
1,256,524,56
16,1834,256,1
1,448,916,32
64,458,64,1
1,448,914,32
64,457,64,1
1,256,522,56
16,1827,256,1
1,448,912,32
64,456,64,1
1,512,1024,28
2048,14,2,1
1,2,4,7168
8,3584,512,1
1,448,910,32
64,455,64,1
1,256,520,56
16,1820,256,1
1,448,908,32
64,454,64,1
1,256,518,56
16,1813,256,1
1,448,906,32
64,453,64,1
1,448,904,32
64,452,64,1
1,1,2,14336
8,3584,512,1
1,512,1024,28
4096,7,1,1
1,256,516,56
16,1806,256,1
1,448,902,32
64,451,64,1
1,448,900,32
64,450,64,1
1,256,514,56
16,1799,256,1
1,448,898,32
64,449,64,1
1,448,896,32
64,448,64,1
1,256,512,56
16,1792,256,1